title,link,published,summary,content,source
Governor Meyer Signs Executive Order Establishing Office of Gun Violence Prevention and Community Safety - State of Delaware News (.gov),https://news.google.com/rss/articles/CBMi2gFBVV95cUxNTVNqOHI4SUlsSGhvZmJoVko0T2xJUnJQS1VweDdxQU5KUFR3YXVTZEhVaUFkMU9ncG1BN0xObEJtQ3ZuMkF3N0RXMzRSVHd2LVFoUTFVV2JCei1fVmJzeU1RUjBBLWplZ0FRdExBWFg1UWFBSkpsNmtwNFkzUm52ZkxqQjFYSjYzNlVleWMtZ2VWZWM0ZWJ4TDdYRGFuSVpza050d2Y0ZXJyR1ZBd1VIcGkzVDdNbjJVMlVLczdtc3NRZG9mamVJRXVIZWIzamJWNEZleDB6eHludw?oc=5,"Thu, 01 May 2025 07:00:00 GMT","<a href=""https://news.google.com/rss/articles/CBMi2gFBVV95cUxNTVNqOHI4SUlsSGhvZmJoVko0T2xJUnJQS1VweDdxQU5KUFR3YXVTZEhVaUFkMU9ncG1BN0xObEJtQ3ZuMkF3N0RXMzRSVHd2LVFoUTFVV2JCei1fVmJzeU1RUjBBLWplZ0FRdExBWFg1UWFBSkpsNmtwNFkzUm52ZkxqQjFYSjYzNlVleWMtZ2VWZWM0ZWJ4TDdYRGFuSVpza050d2Y0ZXJyR1ZBd1VIcGkzVDdNbjJVMlVLczdtc3NRZG9mamVJRXVIZWIzamJWNEZleDB6eHludw?oc=5"" target=""_blank"">Governor Meyer Signs Executive Order Establishing Office of Gun Violence Prevention and Community Safety</a>&nbsp;&nbsp;<font color=""#6f6f6f"">State of Delaware News (.gov)</font>",,RSS Feed
Gov. Meyer establishes office aimed at gun violence prevention - Delaware Public Media,https://news.google.com/rss/articles/CBMiwAFBVV95cUxNQk5mbWdSUFQtVjZDaFRpWS1mWnlBcDkwUER0VmdQYlhOSlpzR1h3UTZ5NjlILVpDQTlIQUExZWRRNDhfZWNJTURNd3VVY1FSd3pnbnBjd3M1aUhUWGg3SmY4WHl3eXI0bkR2dXhXcUNGaU92Y0RmYkNZUUEtc0tEaFVreWYtVWowSEFzVHBjanZkdXN5WlhHb0w1MlNleW5DT1B5SEcyTVU1VzNYSWJzV3doaTVPZHVGb01ueThCdy0?oc=5,"Sat, 03 May 2025 07:00:00 GMT","<a href=""https://news.google.com/rss/articles/CBMiwAFBVV95cUxNQk5mbWdSUFQtVjZDaFRpWS1mWnlBcDkwUER0VmdQYlhOSlpzR1h3UTZ5NjlILVpDQTlIQUExZWRRNDhfZWNJTURNd3VVY1FSd3pnbnBjd3M1aUhUWGg3SmY4WHl3eXI0bkR2dXhXcUNGaU92Y0RmYkNZUUEtc0tEaFVreWYtVWowSEFzVHBjanZkdXN5WlhHb0w1MlNleW5DT1B5SEcyTVU1VzNYSWJzV3doaTVPZHVGb01ueThCdy0?oc=5"" target=""_blank"">Gov. Meyer establishes office aimed at gun violence prevention</a>&nbsp;&nbsp;<font color=""#6f6f6f"">Delaware Public Media</font>",,RSS Feed
Delaware court rules tighter gun regulations unconstitutional - Spotlight Delaware,https://news.google.com/rss/articles/CBMipgFBVV95cUxPSHFhTkpjU3puQnZZRzBqZGJvOVV5eHAwTmtHTVhfcElGT3l0YVZhVGlRNDMzNmVHcFVhcmg1NVEwQ1ViRjdPNXdscnA3Y2FsaTJWV0hGYXB2SnJFa1dxcHdVSXdhaWxQQnJVYlRYZWFjX3lVdXViVTJNUlMxcDI2Q3cxWmh1d1ZmYUUyWVVNUzFWdHlpdWZZSjRndWhlcTlIenAtSThn?oc=5,"Thu, 04 Sep 2025 10:00:00 GMT","<a href=""https://news.google.com/rss/articles/CBMipgFBVV95cUxPSHFhTkpjU3puQnZZRzBqZGJvOVV5eHAwTmtHTVhfcElGT3l0YVZhVGlRNDMzNmVHcFVhcmg1NVEwQ1ViRjdPNXdscnA3Y2FsaTJWV0hGYXB2SnJFa1dxcHdVSXdhaWxQQnJVYlRYZWFjX3lVdXViVTJNUlMxcDI2Q3cxWmh1d1ZmYUUyWVVNUzFWdHlpdWZZSjRndWhlcTlIenAtSThn?oc=5"" target=""_blank"">Delaware court rules tighter gun regulations unconstitutional</a>&nbsp;&nbsp;<font color=""#6f6f6f"">Spotlight Delaware</font>",,RSS Feed
"Labor Day shooting in Wilmington, Delaware, kills teen boy - NBC10 Philadelphia",https://news.google.com/rss/articles/CBMitAFBVV95cUxPWDV3OGYwemx5YzMxVzZjNkp6MlIwS0xYYnh4bTJVUTJGVnRVQUNKSEV6dzVJZjBBY3Y5WXotbV9ZOWl5blNoUFNhLTRkeDE2bUxSNDAwbUp6TnNVVUlkUE0xNjU1djJLOW9LS243UFhNT0FZekFDQmFZQTRaRnJ5bmZhWkFnYmZHSUdUUXZ3aVY2anJPT2VhQjd1Q1llRk1kRXA1OUg2ZlNzWExhcDZ3ejhXSDDSAbwBQVVfeXFMT1ZVb0hZdVpQdGdTMG9vLUJfQkN6WjhrUUk5endGUm8xclNFQVYyTW00NEg0djdtbjVkeDVZUlVicUxrYVU4TU1jVGE4UWx4cF9HWnItWVdMLUNBSERQNnZNN0ZWOW1Fd2xwOEsyazFnOTRkQkpERmFscHhMVE5ZektFQzVhNkV6dERZa3hab3VaM2FWVERReDFXME9VYnY1SVdvWFM2akQ5R0V0MlMyTUJzZGNMYnJXMEF0Zmc?oc=5,"Mon, 01 Sep 2025 20:08:36 GMT","<a href=""https://news.google.com/rss/articles/CBMitAFBVV95cUxPWDV3OGYwemx5YzMxVzZjNkp6MlIwS0xYYnh4bTJVUTJGVnRVQUNKSEV6dzVJZjBBY3Y5WXotbV9ZOWl5blNoUFNhLTRkeDE2bUxSNDAwbUp6TnNVVUlkUE0xNjU1djJLOW9LS243UFhNT0FZekFDQmFZQTRaRnJ5bmZhWkFnYmZHSUdUUXZ3aVY2anJPT2VhQjd1Q1llRk1kRXA1OUg2ZlNzWExhcDZ3ejhXSDDSAbwBQVVfeXFMT1ZVb0hZdVpQdGdTMG9vLUJfQkN6WjhrUUk5endGUm8xclNFQVYyTW00NEg0djdtbjVkeDVZUlVicUxrYVU4TU1jVGE4UWx4cF9HWnItWVdMLUNBSERQNnZNN0ZWOW1Fd2xwOEsyazFnOTRkQkpERmFscHhMVE5ZektFQzVhNkV6dERZa3hab3VaM2FWVERReDFXME9VYnY1SVdvWFM2akQ5R0V0MlMyTUJzZGNMYnJXMEF0Zmc?oc=5"" target=""_blank"">Labor Day shooting in Wilmington, Delaware, kills teen boy</a>&nbsp;&nbsp;<font color=""#6f6f6f"">NBC10 Philadelphia</font>",,RSS Feed
How many people die from gun-related injuries in Delaware each year? - usafacts.org,https://news.google.com/rss/articles/CBMisAFBVV95cUxPckcwMlJwY1ZGb3NFMVNlY2lwRkwwZ01sZVBQczlCZWdlV1VLSjczWE45TzltMkdZS21pekxRelFjTzJrVUZ3V1FNVGNkWnN2bXlyVm9TRGZ2VjRFeml5TXR4RXQ5NjJjbG0tYWE2dzVYRTNlSFd3VnRBSjZHckE5SVM4UWtxdWFWYVpTQnpEdWlVdHJYcFNWa3NXLTdzbTNfMFVFQkN2b29reDNURG5oZw?oc=5,"Fri, 13 Dec 2024 23:14:06 GMT","<a href=""https://news.google.com/rss/articles/CBMisAFBVV95cUxPckcwMlJwY1ZGb3NFMVNlY2lwRkwwZ01sZVBQczlCZWdlV1VLSjczWE45TzltMkdZS21pekxRelFjTzJrVUZ3V1FNVGNkWnN2bXlyVm9TRGZ2VjRFeml5TXR4RXQ5NjJjbG0tYWE2dzVYRTNlSFd3VnRBSjZHckE5SVM4UWtxdWFWYVpTQnpEdWlVdHJYcFNWa3NXLTdzbTNfMFVFQkN2b29reDNURG5oZw?oc=5"" target=""_blank"">How many people die from gun-related injuries in Delaware each year?</a>&nbsp;&nbsp;<font color=""#6f6f6f"">usafacts.org</font>",,RSS Feed
"‘Another failure by the gun lobby’: Supreme Court won’t review Delaware’s firearms control laws, but legal battles continue - WHYY",https://news.google.com/rss/articles/CBMie0FVX3lxTE5DdHRUaVdGWmJvVnpScDNtdmZXaHV1bW5KeXo3YUZwSG9fTVpTWnhycmVNbmE2UVlDaHpmcmMwOEdhMjJibkN6djZ2X2tNNDB1em9XNnhvenMtZlZRVDQ1blB5QjlHREMyVTVQa3JwRnJ3YU5QdE1fbHM3SQ?oc=5,"Thu, 16 Jan 2025 08:00:00 GMT","<a href=""https://news.google.com/rss/articles/CBMie0FVX3lxTE5DdHRUaVdGWmJvVnpScDNtdmZXaHV1bW5KeXo3YUZwSG9fTVpTWnhycmVNbmE2UVlDaHpmcmMwOEdhMjJibkN6djZ2X2tNNDB1em9XNnhvenMtZlZRVDQ1blB5QjlHREMyVTVQa3JwRnJ3YU5QdE1fbHM3SQ?oc=5"" target=""_blank"">‘Another failure by the gun lobby’: Supreme Court won’t review Delaware’s firearms control laws, but legal battles continue</a>&nbsp;&nbsp;<font color=""#6f6f6f"">WHYY</font>",,RSS Feed
Delaware Superior Court overturns age restriction gun law - Delaware Public Media,https://news.google.com/rss/articles/CBMiuwFBVV95cUxOVXptZllETm1hd1h2NS03Qi1Wc1R4OEJ6ckZ6UjQyb0ZYb0YyelFselhYNXVSMUpqRU5yd2FGeTJXczdfTjBTYUxQX3BPTnBnMjRQOFQ5SkpPd1Z5dkdPYUs4VEFrZzNrcXR2ZkxUTW1obGZfUE1BZzRxT2tqeTR1Mzdkd3pyODZMelpaU21NbUthUWlkcWxqenQwcmx5eF9JTklfMjZjS0hBcHh5S3NIR0oxeWtsOXJPMkVj?oc=5,"Wed, 03 Sep 2025 22:25:00 GMT","<a href=""https://news.google.com/rss/articles/CBMiuwFBVV95cUxOVXptZllETm1hd1h2NS03Qi1Wc1R4OEJ6ckZ6UjQyb0ZYb0YyelFselhYNXVSMUpqRU5yd2FGeTJXczdfTjBTYUxQX3BPTnBnMjRQOFQ5SkpPd1Z5dkdPYUs4VEFrZzNrcXR2ZkxUTW1obGZfUE1BZzRxT2tqeTR1Mzdkd3pyODZMelpaU21NbUthUWlkcWxqenQwcmx5eF9JTklfMjZjS0hBcHh5S3NIR0oxeWtsOXJPMkVj?oc=5"" target=""_blank"">Delaware Superior Court overturns age restriction gun law</a>&nbsp;&nbsp;<font color=""#6f6f6f"">Delaware Public Media</font>",,RSS Feed
"US Supreme Court turns away gun law challenges in Delaware, Maryland - Reuters",https://news.google.com/rss/articles/CBMiqgFBVV95cUxOcFVmRDdIQmRRMVZxdmt2UjZsc1ZreTlHRGN4NG5qV2VKYkhEeFdpT3pycXVCVGlIdkhPOE1ac3dGajZTdzZjVGdaVlpWeVFWYVZwWktSenJZWERGWG9xX1Nyc2k1ZU9qQ1R5dy1OQm5QbTNaVFRXcnZuSmttNnBuLUN4UkxUejVVcWgtTlZqd19qenFrY3UxQzllcTI4c0x5UWVhWk0zNktpQQ?oc=5,"Mon, 13 Jan 2025 08:00:00 GMT","<a href=""https://news.google.com/rss/articles/CBMiqgFBVV95cUxOcFVmRDdIQmRRMVZxdmt2UjZsc1ZreTlHRGN4NG5qV2VKYkhEeFdpT3pycXVCVGlIdkhPOE1ac3dGajZTdzZjVGdaVlpWeVFWYVZwWktSenJZWERGWG9xX1Nyc2k1ZU9qQ1R5dy1OQm5QbTNaVFRXcnZuSmttNnBuLUN4UkxUejVVcWgtTlZqd19qenFrY3UxQzllcTI4c0x5UWVhWk0zNktpQQ?oc=5"" target=""_blank"">US Supreme Court turns away gun law challenges in Delaware, Maryland</a>&nbsp;&nbsp;<font color=""#6f6f6f"">Reuters</font>",,RSS Feed
State Police Investigating Shooting in Claymont - Delaware State Police (.gov),https://news.google.com/rss/articles/CBMijAFBVV95cUxPc24tRzUzNG1yMkhpRmVkcGp1NmcyRXdUTnBEMEx4VVR1a2FtbE5kbUQ4a3NMRnRRaDlUa2t1SVdhMDMwWDkwRkwtTDR3OW9zTXdLSFNHUnZnRmVLUXVqU0FrMS05R1RyVzNYa0I1X1dGZW9zckhvMUx4YWlZdVdLR3hwZlZNbENVODZjNw?oc=5,"Sat, 06 Sep 2025 14:28:20 GMT","<a href=""https://news.google.com/rss/articles/CBMijAFBVV95cUxPc24tRzUzNG1yMkhpRmVkcGp1NmcyRXdUTnBEMEx4VVR1a2FtbE5kbUQ4a3NMRnRRaDlUa2t1SVdhMDMwWDkwRkwtTDR3OW9zTXdLSFNHUnZnRmVLUXVqU0FrMS05R1RyVzNYa0I1X1dGZW9zckhvMUx4YWlZdVdLR3hwZlZNbENVODZjNw?oc=5"" target=""_blank"">State Police Investigating Shooting in Claymont</a>&nbsp;&nbsp;<font color=""#6f6f6f"">Delaware State Police (.gov)</font>",,RSS Feed
Delaware leaders react to the fatal shooting of conservative leader Charlie Kirk - yahoo.com,https://news.google.com/rss/articles/CBMikgFBVV95cUxQSl9CejFfaHlqUEZmMDZ3Y09vYXRxdTI4Z2hpc2NwSURpdGxtVWxIbDlWZG1EMFV3TzVTSi11RjNIX0hjcFNMMTVkTnhWZ05mc1ZCTGttbHFidVlqRG1LMU8zRVBEV0VIZi1RSFl5czRZbjJsZUU4Qm5ITmc2Nkk1SkhnZGozZFVrNUJMNGh4ZmlOUQ?oc=5,"Wed, 10 Sep 2025 21:47:31 GMT","<a href=""https://news.google.com/rss/articles/CBMikgFBVV95cUxQSl9CejFfaHlqUEZmMDZ3Y09vYXRxdTI4Z2hpc2NwSURpdGxtVWxIbDlWZG1EMFV3TzVTSi11RjNIX0hjcFNMMTVkTnhWZ05mc1ZCTGttbHFidVlqRG1LMU8zRVBEV0VIZi1RSFl5czRZbjJsZUU4Qm5ITmc2Nkk1SkhnZGozZFVrNUJMNGh4ZmlOUQ?oc=5"" target=""_blank"">Delaware leaders react to the fatal shooting of conservative leader Charlie Kirk</a>&nbsp;&nbsp;<font color=""#6f6f6f"">yahoo.com</font>",,RSS Feed
Kirk shooting suspect in custody - Delaware Public Media,https://news.google.com/rss/articles/CBMif0FVX3lxTE1nQ1I2Y2NpQUNFNXRrRXRfR29XUkZ1WlY3bm8xS1ozRFFhZnQxd3NvX2FhRS1Ld2trSlFXWEMwSkdxY3VUYU1NazJzTUs0elRIeUJtRTNIRnVFbWRxcU4zcjAxVTdMcTNpaXV2RUMyOC1SVFpBZ0hXOVl1Rk9XOW8?oc=5,"Fri, 12 Sep 2025 15:52:00 GMT","<a href=""https://news.google.com/rss/articles/CBMif0FVX3lxTE1nQ1I2Y2NpQUNFNXRrRXRfR29XUkZ1WlY3bm8xS1ozRFFhZnQxd3NvX2FhRS1Ld2trSlFXWEMwSkdxY3VUYU1NazJzTUs0elRIeUJtRTNIRnVFbWRxcU4zcjAxVTdMcTNpaXV2RUMyOC1SVFpBZ0hXOVl1Rk9XOW8?oc=5"" target=""_blank"">Kirk shooting suspect in custody</a>&nbsp;&nbsp;<font color=""#6f6f6f"">Delaware Public Media</font>",,RSS Feed
"17-year-old boy dies from injuries after shooting in Wilmington, Delaware: Police - NBC10 Philadelphia",https://news.google.com/rss/articles/CBMixAFBVV95cUxQOEdEZVNjUTgxMWg3MW9fOWhReUIyWGUtWl9hOGdXaGE1bWdmU0JTbHRZT3VaOFl5RVU2cm1PV3F3cmxXajBqYkFjNGlZdTVfYnpTSjV0S3Z1ZzVvTjdnNmFJLTVuMFJ2aVlnOUNfOHFldE1SX1lSU1ZSbm1nRkVCdEduN0xDLWhCeFc2bUdIMnBsaU9iTVBwWnJuOHhHd3hDZnotV2c2VENEOEgyZkR4SVpyR2RJY19yYWdQby11UDNndllL0gHMAUFVX3lxTE1sRC1vZlVIcHd0Yzd6Q3VkWDlHWFl1Vk4yZ0VObWE3Z2c3TXk5Q29jNkMtVW1rN2NIcjZoTkRRdU5zYjZmbVd2ZU1xVlpwNGxjOXdrQXZLLUxuSXY3cmExbmlpVGMwZE1Qa191bnBwWDA0MjZFVzBVa2ExUndzSHZiUTF5Y3NuZjNBRXNsS2MxMHpuV2FoeF9HdGM5RDBVdy1XUjVId1EybkZSLWRERUg0ZDZaOTk0Tm83bzMzZ0dFNmV5bE1SRE5icmlfbw?oc=5,"Sat, 02 Aug 2025 07:00:00 GMT","<a href=""https://news.google.com/rss/articles/CBMixAFBVV95cUxQOEdEZVNjUTgxMWg3MW9fOWhReUIyWGUtWl9hOGdXaGE1bWdmU0JTbHRZT3VaOFl5RVU2cm1PV3F3cmxXajBqYkFjNGlZdTVfYnpTSjV0S3Z1ZzVvTjdnNmFJLTVuMFJ2aVlnOUNfOHFldE1SX1lSU1ZSbm1nRkVCdEduN0xDLWhCeFc2bUdIMnBsaU9iTVBwWnJuOHhHd3hDZnotV2c2VENEOEgyZkR4SVpyR2RJY19yYWdQby11UDNndllL0gHMAUFVX3lxTE1sRC1vZlVIcHd0Yzd6Q3VkWDlHWFl1Vk4yZ0VObWE3Z2c3TXk5Q29jNkMtVW1rN2NIcjZoTkRRdU5zYjZmbVd2ZU1xVlpwNGxjOXdrQXZLLUxuSXY3cmExbmlpVGMwZE1Qa191bnBwWDA0MjZFVzBVa2ExUndzSHZiUTF5Y3NuZjNBRXNsS2MxMHpuV2FoeF9HdGM5RDBVdy1XUjVId1EybkZSLWRERUg0ZDZaOTk0Tm83bzMzZ0dFNmV5bE1SRE5icmlfbw?oc=5"" target=""_blank"">17-year-old boy dies from injuries after shooting in Wilmington, Delaware: Police</a>&nbsp;&nbsp;<font color=""#6f6f6f"">NBC10 Philadelphia</font>",,RSS Feed
"Man arrested after shooting, killing man in East Lansdowne, Delaware County, police say - cbsnews.com",https://news.google.com/rss/articles/CBMikwFBVV95cUxPQ05yYWhsdTFid1lYS3FYd0dyTXJGXzd1RXhsSWV0dklhd1FWYkR2cXJFM3lDVVcwMzBBa1A1OVNXMUxicm1CYmR4VktHSE9iREY2eXJvZmd3bEQ0QkNOUWpLNVdpaGpLWlBEYkxLdXFSc0tyYW9OUlZ5eERlZFg5YWZXWkxSMFgwTW85Qm1fd0JtQkk?oc=5,"Sun, 07 Sep 2025 16:45:24 GMT","<a href=""https://news.google.com/rss/articles/CBMikwFBVV95cUxPQ05yYWhsdTFid1lYS3FYd0dyTXJGXzd1RXhsSWV0dklhd1FWYkR2cXJFM3lDVVcwMzBBa1A1OVNXMUxicm1CYmR4VktHSE9iREY2eXJvZmd3bEQ0QkNOUWpLNVdpaGpLWlBEYkxLdXFSc0tyYW9OUlZ5eERlZFg5YWZXWkxSMFgwTW85Qm1fd0JtQkk?oc=5"" target=""_blank"">Man arrested after shooting, killing man in East Lansdowne, Delaware County, police say</a>&nbsp;&nbsp;<font color=""#6f6f6f"">cbsnews.com</font>",,RSS Feed
Five Delaware teens arrested on gun charges in Queen Anne's County - WBOC TV,https://news.google.com/rss/articles/CBMi2AFBVV95cUxNeDdIaFB0VXBFOXgyQl9nU0xjM3BockpoRXMwUEloclNlRS1wclczQlpPNlpkUXpoYmVLTHpISndXYnhLZUtoMzJKdzVob180SGdKYlNOSjRXbVp2S3hqVTFnWURDa3B1bGEzZHl5TE45UllzTHdMSlZ3MmVzWkxUME8zQ2o0MWJqSG5Ya3VEelVOYUJwZ0VjamhsdHpJRFhLUUI5N0ozTTkycjBMeUZFWlNNZ0hZSzBuTEI0U0ZiX0JxVG5YVDhOeTFVX2Vra25VVFZqMDRCWlc?oc=5,"Fri, 29 Aug 2025 13:13:00 GMT","<a href=""https://news.google.com/rss/articles/CBMi2AFBVV95cUxNeDdIaFB0VXBFOXgyQl9nU0xjM3BockpoRXMwUEloclNlRS1wclczQlpPNlpkUXpoYmVLTHpISndXYnhLZUtoMzJKdzVob180SGdKYlNOSjRXbVp2S3hqVTFnWURDa3B1bGEzZHl5TE45UllzTHdMSlZ3MmVzWkxUME8zQ2o0MWJqSG5Ya3VEelVOYUJwZ0VjamhsdHpJRFhLUUI5N0ozTTkycjBMeUZFWlNNZ0hZSzBuTEI0U0ZiX0JxVG5YVDhOeTFVX2Vra25VVFZqMDRCWlc?oc=5"" target=""_blank"">Five Delaware teens arrested on gun charges in Queen Anne's County</a>&nbsp;&nbsp;<font color=""#6f6f6f"">WBOC TV</font>",,RSS Feed
"Firearm Licenses - Delaware County, Pennsylvania (.gov)",https://news.google.com/rss/articles/CBMiW0FVX3lxTFAtQkNZS0ZhV050MmdxMElHTzFTWWJuWXFTaGxWaWxyVEtqSmRYRzM4a1o5eUk0SkxqVTZlZE9laVBncjBkd1BEeFZhVkNUcC1rcTd4OVN6U3ljck0?oc=5,"Wed, 23 Jul 2025 07:00:00 GMT","<a href=""https://news.google.com/rss/articles/CBMiW0FVX3lxTFAtQkNZS0ZhV050MmdxMElHTzFTWWJuWXFTaGxWaWxyVEtqSmRYRzM4a1o5eUk0SkxqVTZlZE9laVBncjBkd1BEeFZhVkNUcC1rcTd4OVN6U3ljck0?oc=5"" target=""_blank"">Firearm Licenses</a>&nbsp;&nbsp;<font color=""#6f6f6f"">Delaware County, Pennsylvania (.gov)</font>",,RSS Feed
"Delaware gun violence roundtable highlights wins, challenges in prevention efforts - WHYY",https://news.google.com/rss/articles/CBMiggFBVV95cUxNT0t6dGxYN1labkcwamdRSFlyOVJSNlQ1SUw4T2toT2wtc3VxVUtIMzlxaXZlNTVOUjVXTXJvRzIwNUx2OUp6c1VjZTZGakk0b1JOUEhLTklNbzFoSG9JdlA5ZnFnak13LUFTY0JJSFlPMmFoSFFrUkp0RVFtZ1BvVk9n?oc=5,"Wed, 06 Aug 2025 07:00:00 GMT","<a href=""https://news.google.com/rss/articles/CBMiggFBVV95cUxNT0t6dGxYN1labkcwamdRSFlyOVJSNlQ1SUw4T2toT2wtc3VxVUtIMzlxaXZlNTVOUjVXTXJvRzIwNUx2OUp6c1VjZTZGakk0b1JOUEhLTklNbzFoSG9JdlA5ZnFnak13LUFTY0JJSFlPMmFoSFFrUkp0RVFtZ1BvVk9n?oc=5"" target=""_blank"">Delaware gun violence roundtable highlights wins, challenges in prevention efforts</a>&nbsp;&nbsp;<font color=""#6f6f6f"">WHYY</font>",,RSS Feed
